%YAML:1.0
---
cameraMatrix_L: !!opencv-matrix
   rows: 3
   cols: 3
   dt: d
   data: [ 7.8943020793562710e+03, 0., 1.2161170712397413e+03, 0.,
       7.8939809587452783e+03, 9.7441837760604324e+02, 0., 0., 1. ]
distCoeffs_L: !!opencv-matrix
   rows: 1
   cols: 5
   dt: d
   data: [ -1.2049483048084722e-01, 8.5922688598288950e+00,
       -1.6851245289705432e-03, -1.6186047246590962e-03,
       -2.9224586817477933e+02 ]
cameraMatrix_R: !!opencv-matrix
   rows: 3
   cols: 3
   dt: d
   data: [ 7.8147294622480149e+03, 0., 1.2070501019677142e+03, 0.,
       7.8135466080241067e+03, 9.7815825866523392e+02, 0., 0., 1. ]
distCoeffs_R: !!opencv-matrix
   rows: 1
   cols: 5
   dt: d
   data: [ 1.3199604425595327e-01, -1.3643990899656536e+01,
       -2.1350639006986688e-03, -2.9183493339705593e-03,
       4.7888298667689173e+02 ]
R: !!opencv-matrix
   rows: 3
   cols: 3
   dt: d
   data: [ 9.9787465107882856e-01, 1.5919594514085856e-02,
       6.3188189124337685e-02, -1.4951302267703760e-02,
       9.9976389674022814e-01, -1.5767350294013781e-02,
       -6.3424280010148604e-02, 1.4789093457729843e-02,
       9.9787706829042455e-01 ]
T: !!opencv-matrix
   rows: 3
   cols: 1
   dt: d
   data: [ -7.2576822038676781e+01, -2.9481802718504563e-01,
       1.0662252501155281e+01 ]
imageSize: [ 2448, 2050 ]
